110,8
110,7
110,6
110,5
110,4
110,3
110,2
110,1
110,0
109,7
109,6
109,5
109,4
109,3
109,2
109,1
109,0
108,4
108,3
108,2
108,1
108,0
107,7
107,6
107,5
107,4
107,3
107,2
107,1
107,0
106,4
106,3
106,2
106,1
106,0
105,2
105,0
104,4
104,3
104,2
104,1
104,0
3,2
98,2
98,0
3,1
96,3
96,2
3,3
96,1
96,0
95,3
95,2
95,1
95,0
94,3
94,2
94,1
94,0
67,3
67,1
42,3
9,2
42,1
40,3
40,1
8,2
39,3
8,1
39,1
8,3
38,3
38,1
37,3
37,1
36,3
36,1
35,3
35,1
33,4
33,3
33,1
30,3
30,1
29,3
29,1
28,3
28,1
20,3
20,2
20,1
19,3
19,2
19,1
14,8
18,1
14,6
18,3
12,3
12,2
12,1
11,3
11,2
11,1
10,3
2,2
10,2
2,1
10,1
2,3
9,1
9,3
0,0
105,3
